E1: 0.003
E2: 0.001
E3: -1
E3_max: 0.9
E3_min: 0.8
Nw: 50
Sw: 30
gamma: 0.97
init_h: 0
kappa: 1.9800000000000002
p0: 1
past_sys_input_num: 1
past_sys_output_num: 3
q: 0.09999999999999999
