E1: 0.052000000000000005
E2: 0.091
E3: -1
E3_max: 3.9000000000000004
E3_min: 3.8
Nw: 56
Sw: 52
gamma: 0.98
init_h: 0
kappa: 97
past_sys_input_num: 1
past_sys_output_num: 1
