E1: 0.15
E2: 0.138
E3: -1
E3_max: 0.6000000000000001
E3_min: 0.0
Nw: 47
Sw: 49
gamma: 0.97
init_h: 0
kappa: 4.2
p0: 1
past_sys_input_num: 1
past_sys_output_num: 1
q: 0.42000000000000004
