# optunaで求めた良さそうな設定保存用
past_sys_input_num: 1
past_sys_output_num: 2
init_h: 0
E1: 0.2390482579798157
E2: 0.1998161969962705
E3: 1.2 # 今のところ使わない
E3_max: 1.365404130557241
E3_min: 1.5735241117488339
gamma: 0.992
Nw: 87
Sw: 79