E1: 0.007
E2: 0.008
E3: -1
E3_max: 0.5
E3_min: 0.30000000000000004
Nw: 17
Sw: 74
gamma: 0.99
init_h: 0
kappa: 0.35
p0: 1
past_sys_input_num: 1
past_sys_output_num: 1
q: 0.060000000000000005
