E1: 0.542422844169801
E2: 0.35980675858349165
E3: -1
E3_max: 1.158895987688433
E3_min: 0.5000573338537367
Nw: 76
Sw: 10
gamma: 1.0
init_h: 0
past_sys_input_num: 1
past_sys_output_num: 1
