E1: 0.8412940884028115
E2: 0.12438612540831218
E3: -1
E3_max: 0.12333221213373946
E3_min: 0.06962025995620529
Nw: 51
Sw: 97
gamma: 0.999
init_h: 0
past_sys_input_num: 1
past_sys_output_num: 2
