E1: 0.0
E2: 0.007
E3: -1
E3_max: 1.9000000000000001
E3_min: 1.9
Nw: 77
Sw: 31
gamma: 0.97
init_h: 0
kappa: 0.12000000000000001
past_sys_input_num: 1
past_sys_output_num: 1
