E1: 0.28876623891016473
E2: 0.2130293904090952
E3: -1
E3_max: 2.7755106887451513
E3_min: 0.3163616113654113
Nw: 50
Sw: 12
gamma: 0.992
init_h: 0
past_sys_input_num: 1
past_sys_output_num: 1
