E1: 0.04723385766415489
E2: 0.1518477077418302
E3: -1
E3_max: 0.9649883210068331
E3_min: 0.5029744639547368
Nw: 54
Sw: 68
gamma: 0.998
init_h: 0
past_sys_input_num: 1
past_sys_output_num: 1
