E1: 0.008
E2: 0.008
E3: -1
E3_max: 0.7
E3_min: 0.1
Nw: 71
Sw: 71
gamma: 0.97
init_h: 0
kappa: 2.8800000000000003
p0: 1
past_sys_input_num: 1
past_sys_output_num: 3
q: 0.09999999999999999
