E1: 0.049741087700257786
E2: 0.04654310268979626
E3: -1
E3_max: 1.1280115468286878
E3_min: 1.0921848911812
Nw: 50
Sw: 50
gamma: 0.998
init_h: 0
past_sys_input_num: 1
past_sys_output_num: 2
