E1: 0.048323154693935604
E2: 0.04773550050560576
E3: -1
E3_max: 1.3084249465790432
E3_min: 1.3015964663055601
Nw: 48
Sw: 52
gamma: 0.997
init_h: 0
past_sys_input_num: 1
past_sys_output_num: 2
