E1: 0.04591217459924683
E2: 0.04779129668601809
E3: -1
E3_max: 1.1992915731122253
E3_min: 1.1981581212087458
Nw: 49
Sw: 50
gamma: 0.997
init_h: 0
past_sys_input_num: 1
past_sys_output_num: 2
