E1: 0.049897797237550515
E2: 0.03746029952292117
E3: -1
E3_max: 1.2644903225953685
E3_min: 1.2530378565426077
Nw: 49
Sw: 51
gamma: 0.996
init_h: 0
past_sys_input_num: 1
past_sys_output_num: 2
